Código;Nome;Tipo;Produtores;Duração;Gênero;Temporada;Álbum;Código do Álbum;Publicação
1;Eligendi quae tempore voluptates nisi;X;X;7,12;NL;;American most;1;2019;
